#                Z                  F              F_std                  E              E_std                  S       S_analytical             S_flow
 0.500000000000000 18.177738605189159  0.357726973007961 18.178870311234675  0.359071766924502  0.011317060455206  0.011577479976073  0.010834039953209
 1.000000000000000 22.001644154389794  0.521026470088527 22.003136444604767  0.522241582121006  0.014922902149720  0.015308024141195  0.016223160107171
 1.500000000000000 25.598382701261098  0.694179257642878 25.600371569911466  0.695316888184484  0.019888686503672  0.020156973791404  0.021085650950622
 2.000000000000000 28.990877399852295  0.790019823902440 28.994048348354251  0.792579109125095  0.031709485019565  0.027325684505296  0.030633802582928
 3.000000000000000 35.237592289205189  0.867813797289248 35.241342266482398  0.871353592034480  0.037499772772142  0.036477794781318  0.033620123717522
 4.000000000000000 41.009027314880250  1.008007150691436 41.011620844433423  1.009317055730450  0.025935295531666  0.034243319063724  0.039555189032922
 5.000000000000000 46.380632382573793  1.152772424835613 46.385333017232227  1.153896384945718  0.047006346584389  0.043081086734849  0.039820172656163
 6.000000000000000 51.444766315255045  1.157753297356981 51.448096154989102  1.159463528917141  0.033298397340579  0.037086295198460  0.041740118952067
 7.000000000000000 56.265755355487762  1.396055829404587 56.270153425502386  1.398313147153731  0.043980700146291  0.043135730833659  0.039775023668290
 8.000000000000000 60.832379217096580  1.354153660951547 60.837360481719784  1.355387347309737  0.049812646232095  0.047068495559801  0.038670928064636
