beta    deltaE      F                   E                   S                   S_analytical
2.0     2.0         17.52608069834084   19.123831532650104  3.1955016686185354  3.1831311907096826
        3.0         17.469388819579567  19.352662698631693  3.7665477581042484  3.7416504889252327
        4.0         17.455086541781032  19.451894148637724  3.9936152137133814  4.020879856733898
2.5     2.0         17.82354728761363   18.895257341518963  2.6792751347633414  2.693070805200695
        3.0         17.806592714640995  19.001804338661042  2.9880290600501307  2.9985107442168495
        4.0         17.810862908479624  19.051535381949076  3.101681183673627   3.101516100738347
3.0     2.0         17.985737183638772  18.699338958445537  2.1408053244202954  2.1690951234717812
        3.0         17.98730920703588   18.762737052698064  2.3262835369865487  2.3349327535166715
        4.0         17.989827809008094  18.768763247436326  2.336806315284675   2.3320546909164506
4.0     2.0         18.127283176241182  18.449204759931455  1.2876863347610907  1.2728536679432032
        3.0         18.13039552894835   18.439585756324526  1.2367609095047047  1.2604752098372087
        4.0         18.13518589389812   18.439925946041527  1.2189602085736102  1.2263135597478303
5.0     2.0         18.180262388981216  18.31013292766241   0.6493526934059624  0.6413228823564114
        3.0         18.187689656200515  18.30518341332807   0.5874687856377555  0.597856642781483
        4.0         18.17975768804865   18.29076179102448   0.5550205148791493  0.5443205134554638
6.0     2.0         18.184209459495627  18.24566486399798   0.36873242701412323 0.3464769818077594
        3.0         18.19932680794726   18.26166008103948   0.3739996385533312  0.36945203370216545
        4.0         18.202700890503998  18.260959379998507  0.3495509369670391  0.3303577719343639
inf     ----        equal to E          18.19107329214244   0                   0
