#                Z                  F              F_std                  E              E_std                  S       S_analytical             S_flow
 0.500000000000000 41.555463591922418  0.365562554531180 41.646506393871071  0.450397664202314  0.546256811691955  0.545255811849713  0.529438612290162
 0.600000000000000 43.755338214171609  0.412134728601878 43.851806345680437  0.482288139598355  0.578808789052983  0.581018661071168  0.584619539906968
 0.700000000000000 45.887972318488494  0.486181569278657 45.986412239245261  0.549356401219417  0.590639524540590  0.623478035141925  0.625368980431663
 0.800000000000000 47.997929343417532  0.517285014816318 48.112834804840695  0.585432383504479  0.689432768539005  0.654437555574978  0.659592799775701
 0.900000000000000 50.082484578406216  0.597821046861991 50.196740979067577  0.657399942073138  0.685538403968158  0.692598924990638  0.700321785543886
 1.000000000000000 52.164679683572501  0.623900843862729 52.289743111358433  0.682964680446502  0.750380566715575  0.726261658529599  0.688872058096581
 2.000000000000000 71.093936811184847  1.043589900796739 71.260753303766677  1.083411332917793  1.000898955491020  0.989632888088125  1.075240923751126
 3.000000000000000 87.990062585187914  1.418865230181424 88.185275073401115  1.452269542832450  1.171274929279138  1.158764893978126  1.160267158711716
 4.000000000000000 103.633473183600884  1.538425581515237 103.833821113650203  1.566131315874417  1.202087580296063  1.224661519256252  1.413956979525771
 5.000000000000000 117.835233931922716  1.758580787967768 118.048711844344908  1.783145530277749  1.280867474532946  1.272352633298938  1.554320160955895
 6.000000000000000 131.302070926748684  1.924627296753602 131.519251053533395  1.949783552496076  1.303080760708399  1.284185294063304  1.390738727296103
 7.000000000000000 144.356650908102324  2.051171903029160 144.567083907693103  2.073924704188986  1.262597997544734  1.256593720130883  1.285184822046584
 8.000000000000000 156.390388429588342  2.299312702385705 156.591637234619043  2.320263139472243  1.207492830184047  1.248411098729361  1.304450948914315
