1.0	0.27987438947210474538	4.6338083318158053035e-05 	10.900830534476224187	0.00041413309832059397655 	14.52300166758138289	0.00033497166759180138119 	8.4120330785363819359	0.0039653466634953513439 	22.935034746117782589	0.0039789733708063251133 	0.45271052292292207619	0.00010013067332766215902
1.3	0.12673273233327697618	5.3008990090765563223e-05 	10.012867137301030951	0.00076021763786777247964 	13.711896361127992705	0.00057010190533095684434 	7.4872076835453835741	0.0069053802732897658426 	21.199104044673379832	0.0069405864466223262527 	0.46074543441213861028	0.00023363206129667322421
1.5	0.070724619316651651801	2.3761596479911790411e-05 	9.6647170508771225172	0.00069159246112048423233 	13.394044406093742694	0.00050538173279377656463 	7.1084384130926041578	0.0058432197295146337881 	20.502482819186365504	0.0058859246735324874389 	0.46350878607909479223	0.00021243123896551543875
1.7	0.038439658981049361353	2.1995659017864820686e-05 	9.4217741415219027346	0.0011741447128317083863 	13.172457661678039997	0.00083692797437922748175 	6.8597485254792918141	0.0089258653594168034517 	20.032206187157331811	0.0090137806416352387467 	0.46518266202940994347	0.00038928206433590652018
2.0	0.015000916053497287753	2.3591907277658781831e-05 	9.1747081124278260233	0.0029603968606457461976 	12.946954260410327819	0.0020208978275643835719 	6.605631101609268363	0.020866335316800932453 	19.552585362019623716	0.021163981795315398721 	0.46687064927188109964	0.0010541209584968985746
2.5	0.0030369297458853338097	2.1904559551014357854e-05 	8.9380480300794200588	0.013611011218992462302 	12.726792751177935514	0.0089682254371184245978 	6.3467927104948618222	0.08795594820696568672 	19.073585461672813324	0.089488362670825910561 	0.46524302046593518645	0.0050321909319842005048
3.0	0.00064533858564286880177	2.2948254073512318454e-05 	8.8087509112547799361	0.065595639022653556838 	12.604612890489438115	0.04171023992904726585 	6.727865578413701364	0.34006159075890646237 	19.332478468903140367	0.35285412662188730959 	0.4597481468233411972	0.025389226244852621667











