1.0	0.3945378751728573774	4.5975192010442552163e-05 	11.232666859828018602	0.00029367215751144852163 	14.765953689521484904	0.0002483011025750113984 	8.2912817219620276177	0.0030002221055249801186 	23.057235411483539167	0.0030093805104379075209 	0.7838293959861647453	7.8323086011480112637e-05
1.3	0.21202087936542990398	3.2811220279825496044e-05 	10.345789611567607125	0.00026906239247227010328 	13.951277880309666202	0.00021542104367694485606 	7.3469902639367239416	0.0025466851020984624179 	21.298268144246378597	0.0025575331274782331197 	0.79856357759112694961	8.8684668132533599249e-05
1.5	0.13287019862120125202	2.5877400922067354735e-05 	9.9971633954539722566	0.00035726501210393368877 	13.631370633933251213	0.00028014856860459843874 	6.9689910777745165404	0.0033203957418351127268 	20.600361711707783741	0.0033462650979354737098 	0.80404740044721523251	0.00012566994380871259938
1.7	0.08099818849514425767	2.409031187893518163e-05 	9.7528120609190391832	0.00052040577706113986915 	13.407302825504627819	0.00039747911764366527024 	6.7113031828160831793	0.0045633865990115903347 	20.118606008320671918	0.004594356283025224745 	0.80788578059109372731	0.00019593304070865673761
2.0	0.037434055589381433349	2.4506057049306206045e-05 	9.5027147029397536215	0.0010812087538859893945 	13.177995256372634358	0.00079703303414538795735 	6.4620783643487005321	0.0084439740577671607707 	19.640073620721352654	0.0085662499014303675887 	0.81149636018249948766	0.00044859536231208163278
2.5	0.01011372614595897057	2.5185770275363350215e-05 	9.2574169859650865533	0.004023002336813444671 	12.953437010665371787	0.0028834198299631068341 	6.1686638858780886707	0.027456500984195084808 	19.122100896543468451	0.028028619044391699794 	0.81419038263725318494	0.0017494076012347008296
3.0	0.0027571526445507900382	2.3095578076461348446e-05 	9.1046571279874175531	0.01331082195633482082 	12.814091901319827116	0.009243636974523398997 	6.0942488171320059465	0.083194951260600516485 	18.908340718451835727	0.084935774252735379841 	0.81641910990281285621	0.0063421903476396975646








