1.0	1	-nan 	63.395737480374904749	0.00052878318925099379155 	14.232562872843477209	0.0004757749318593375667 	8.6101461789732027796	0.00052872103877759225703 	22.842709051816683541	0.00060360086881942811177
1.5	1	-nan 	40.692931331065729239	0.0006549354044547729941 	13.114091139223710059	0.00033130854086952266514 	7.3180382320612080704	0.00065497136964997118309 	20.432129371284933228	0.00070885443175920193146
1.7	1	2.0411963913218625258e-09 	35.303251688710155065	0.00071031469928583450876 	12.894602728289715543	0.00032775496916813358405 	7.0631482810127668159	0.0007102228513899314739 	19.957751009302473477	0.00074489843823768422861
2.0	1	2.8760515606481321273e-09 	29.213643351513688629	0.00092912275958250908642 	12.671729924641690346	0.00034755374729885437366 	6.8040221151781432596	0.00092904224206355164387 	19.475752039819834494	0.00092624474965455978661
2.5	1	-nan 	22.280387965306655218	0.0012059040260087834986 	12.45038081149560405	0.00048218247395506936333 	6.5455258544474075322	0.0012053626730084139422 	18.995906665943003588	0.0011555290018440964647
3.0	1	1.9269811193833156813e-09 	17.641156385147471752	0.0014208890847634996542 	12.319992396845282911	0.00055011368190109220192 	6.3944838428602492897	0.0014207528660378700592 	18.714476239705525984	0.0013915755576548371683




